--Experiment
scatteringRate = 28000
exposureTime = 0.08
survivalProbability = 1
fillingRatio = 0.5
strayLightRate = 0.2
wavelength = 0.4619
lightSourceStdev = 3

--Camera
quantumEfficiency = 0.86
numericalAperture = 0.65
physicalPixelSize = 16
magnification = 156.25
biasClamp = 200
preampgain = 0.11
readoutStdev = 4
binning = 2
resolution = 512,512
zernikeCoefficients = 0,0,0,0.07232454,0.00087644,-0.01069755,0.00280808,0.00723265,0.00436401,0.00117688,0.02449155,-0.00427388,-0.00250116,-0.00477205,-0.00054310

---EMCCD
darkCurrentRate = 0.00029
cicChance = 0.00037
sCICChance = 0.00002
numberGainRegisters = 536
p0 = 0.0106982061

---CMOS
darkCurrentSamplingAlpha = 0.016
darkCurrentSamplingBeta = 1
biasStdev = 0.1
rowNoiseStdev = 0.02
columnNoiseScale = 0.02
flickerNoiseScale = 0.01